0.766893
-0.607764
-0.678023
-0.681627
-0.915339
-0.109748
0.266618
0.879143
0.443666
0.503979
-0.275918
0.456704
-0.978331
-0.062016
-0.445157
-0.371652
-0.343955
0.149514
-0.014125
0.853965
0.155588
-0.746261
-0.293486
0.192667
-0.159603
0.261455
-0.179474
0.460355
0.005921
0.083356
0.038587
-0.129871
0.243288
-0.864131
-0.967894
0.262650
-0.498783
-0.869947
-0.597093
-0.819136
0.400547
-0.611976
0.949521
0.414759
-0.243240
0.957517
-0.646280
0.133858
0.994934
0.239531
-0.439271
-0.387724
0.518899
0.558935
0.583055
-0.057755
-1.227094
0.268758
-0.917683
0.765481
0.733305
-0.094830
0.553619
0.719207
0.347465
-0.849587
-0.523217
-0.932523
0.559129
0.014574
0.482640
-0.158458
-0.459711
-0.759045
0.942449
1.296947
0.389477
-0.529481
0.375241
-0.779153
0.807052
0.463017
-0.063679
-0.629669
-1.036743
-1.080612
-0.392993
0.918624
-0.264601
-0.584806
0.704471
-0.990712
0.288977
-0.910378
-0.184695
0.717870
-0.534519
-0.610759
-0.396686
0.371417
0.637766
-0.239306
0.073987
0.522030
0.595358
0.335084
-0.080120
0.621806
-0.206168
-0.453619
0.538443
-0.337232
0.491432
0.389424
0.890391
-0.680955
0.623408
-0.508271
-0.187695
-0.387048
0.876213
-0.765183
0.282976
0.057743
-0.899713
0.499664
0.836843
0.871574
0.674907
-0.595434
0.208814
-0.423366
0.849661
-0.251907
-0.639504
-0.780687
-0.305744
0.696881
-0.336141
0.067692
0.253067
0.572423
0.791979
0.189282
0.062382
0.547580
0.879448
-0.780016
-0.905390
-0.934322
0.515168
0.636697
0.189892
0.795215
-0.871208
0.846182
-0.961484
0.931148
-0.664652
0.403406
-0.222426
0.657572
-0.201917
-0.328295
-0.736490
0.582616
0.174510
0.231948
0.074528
-0.068311
0.627405
0.026174
-0.661018
0.497040
0.015992
-0.070378
-0.590074
0.302019
-0.448197
1.088780
-0.625259
0.815602
-0.899591
0.811738
-0.690522
-0.706625
-0.763936
-0.157307
-0.638039
-0.804798
-0.688791
-0.034425
-0.602631
-0.041328
-0.735843
0.572606
-0.119270
0.913686
0.036146
0.394946
0.825047
0.899606
-0.809803
0.929683
-0.093206
-0.795215
-0.824452
-0.992431
-0.738021
-0.702802
-0.458531
-0.343585
-0.194468
-0.303942
0.462450
-0.678275
0.198289
1.001450
-0.207568
-1.035789
0.493112
0.037157
0.338573
-0.899658
-0.414138
-0.742540
0.360131
-0.679850
-0.315589
-0.179871
0.132659
0.217334
-0.188309
-0.850930
0.067568
0.220335
-0.087848
0.451856
0.664577
-0.312997
0.403782
0.220786
-0.156555
0.483408
0.722305
-0.477377
-0.200369
0.252739
-0.048734
-1.097273
0.102055
-0.025671
0.567406
0.911659
0.813445
0.126913
-0.975619
0.116299
-0.139046
0.406298
-0.435832
0.773068
-0.724652
-0.558044
0.679386
-0.472187
-0.127429
-0.862397
-0.381915
0.807417
-0.133175
-0.036374
0.564718
0.590962
0.563097
-0.130999
0.646228
0.978585
-0.312336
0.342733
0.525545
0.052127
0.691693
-0.218214
0.484160
0.461759
-0.733565
0.665812
-0.051883
-0.101935
0.945309
-0.751877
0.599036
0.989257
-0.174754
0.292498
-0.020570
0.608558
-0.216627
-0.323140
0.928646
-0.182628
-0.101813
0.377831
0.881462
0.218031
0.641458
0.144906
0.093634
-0.471220
0.401758
0.180309
0.854727
0.195019
0.903131
-0.866447
0.751633
-0.153147
-0.920344
-0.273515
0.046390
-0.581762
-0.028993
0.318074
0.222918
-0.274363
0.198559
0.724715
-0.192028
0.403650
0.557555
0.488782
-0.279825
-0.418882
-0.507294
-0.270768
-0.796802
-0.238681
0.149116
0.100831
0.871301
0.669149
0.360190
-0.445645
0.762519
-0.375710
1.276351
-0.234615
-0.831298
0.272294
-0.692791
0.897602
0.853085
-1.415563
0.259512
-0.514402
0.720076
0.514924
0.642314
0.095150
-0.710725
-0.892067
-0.831845
-0.723982
-0.590307
0.850516
0.431606
0.692303
-0.243240
-0.551486
-0.557163
0.158485
-0.132597
-0.116794
-0.383093
0.480629
-0.223159
-1.390810
-1.229326
0.827839
1.011006
0.834202
0.377588
-0.433136
-0.061526
-1.091788
0.596610
-0.360311
-0.183173
0.844324
-0.663551
-0.062937
-0.809244
0.256767
0.826669
0.421219
0.483154
-1.064627
0.109377
0.765529
-0.793834
0.386192
-0.061254
-0.334451
-0.729283
0.266683
-0.025626
-0.093707
-0.485684
-0.216771
0.062284
0.485188
0.105872
-0.693115
0.166980
0.658531
0.002316
-0.167188
-1.155196
-0.534738
0.502674
0.436339
0.062939
-0.255929
-0.787599
-0.652019
-0.505581
-0.656789
-0.106534
-0.450181
-0.778150
-0.842849
-0.397022
0.572811
-0.760782
-0.111967
-0.688031
0.371817
-0.142322
-0.587743
-0.559482
0.216810
-0.375511
0.234206
0.780687
0.392663
-0.331319
0.906000
0.793811
0.943722
0.216688
0.740402
0.608985
0.280840
-0.357627
0.796618
-0.492889
0.187206
0.718367
-0.609412
-0.361838
-0.082769
-0.431118
-0.513947
-0.898798
-0.794482
-0.106269
0.274614
0.451077
0.998718
0.021974
0.261491
0.691937
-0.278032
-0.637917
0.167491
-0.176891
-0.105902
-0.191357
0.958921
-0.002564
0.901605
0.667765
-0.680400
0.355307
0.747047
0.667199
-0.122688
-0.403040
0.577367
-0.399988
0.466374
-0.840613
0.671575
-0.313881
-0.056766
0.437954
0.727339
-0.137186
-0.461476
1.888326
0.128200
0.111157
-0.875786
0.594030
-0.697363
-1.139558
0.240571
-0.737720
-0.793367
0.553073
-0.906733
-0.793723
-0.436935
-0.008436
0.107200
0.385078
-0.661356
-0.033388
0.157635
-0.103951
-0.197628
0.548478
-0.108498
-0.536654
0.801135
0.901544
0.348410
-0.503021
0.382714
-0.668132
0.864066
0.646020
-0.370179
-0.820943
0.960432
0.746354
0.603533
0.997658
1.208113
-0.143757
-0.071669
-0.244997
0.206823
0.141030
-0.452807
-0.264742
0.335700
-0.774830
-0.037502
0.601482
0.765391
-0.791521
0.745751
0.137851
0.076751
-1.123785
0.300767
-0.422884
0.852829
0.153239
0.347416
-0.254067
0.547870
-0.055250
-1.063087
0.577795
-0.533689
0.837539
0.472999
-0.821417
0.108690
-0.235535
-0.218479
-0.580007
-0.126609
0.031945
0.239702
0.127559
-0.133663
-0.135808
0.367547
0.017537
-0.315868
-0.750460
0.740484
-0.705712
0.750512
-0.885227
0.058679
-0.544603
-0.044759
-0.575125
1.020510
-0.286195
-0.356485
-0.582869
0.313555
0.548847
0.362297
-0.720015
-0.747299
-0.990356
0.130196
0.343954
-0.269670
0.229384
-0.466154
-0.113715
-0.981627
-0.908075
-0.653299
-0.500946
0.263993
-0.611365
-0.498566
0.467314
-0.637002
-0.821950
-0.419520
-0.232924
-0.783922
-0.728560
-0.387780
0.927608
-0.606665
-0.513520
-0.441372
0.817860
0.022706
0.233657
0.806568
0.422816
-0.287371
-0.003296
-0.024477
0.669780
0.323262
0.270891
0.354941
-0.632302
0.396936
0.519624
-0.718489
0.323262
0.062077
0.714277
0.772508
0.693951
-0.778307
0.017457
-0.277727
-0.360026
0.032769
-1.017868
1.125573
0.357688
0.138741
-0.825307
-0.359994
0.682952
-0.620111
-0.053954
-0.267454
-0.902399
0.002014
0.230103
0.039422
-1.078950
-0.738860
0.420179
-0.749924
-0.557102
-0.464565
-0.228838
-0.905656
-0.038164
-0.348153
-0.164011
-0.826344
-0.026602
0.563207
0.397373
-0.349977
-0.420678
-0.974058
-0.822499
0.699322
0.813465
-0.392053
-0.711164
0.625832
0.756455
-0.808545
-0.544626
-0.936684
0.461433
-0.675037
0.670489
-0.550856
-0.125181
-0.204623
-0.259516
-0.068264
-0.392993
0.610710
-0.538323
-0.699925
0.730425
-0.734743
1.008873
0.838061
0.687698
-0.805438
-0.655942
0.034949
-0.412156
-0.241228
-0.863700
-0.434002
-0.173186
-0.489551
-0.745887
0.929154
-0.925343
0.928274
-0.790655
1.007089
-0.169031
-0.230060
-0.688183
-0.389083
0.499386
0.406988
0.628537
0.652556
-0.448225
0.975960
-0.272476
-0.212085
0.763750
0.749302
-0.052143
0.295830
-0.856265
-0.220576
-0.454204
0.008774
0.492749
0.533863
0.505948
-0.317860
-0.371156
0.545392
-0.822500
0.354158
0.145279
-0.773701
-0.873060
0.605469
-0.965445
0.746567
0.588110
0.747665
-0.159556
0.975340
-0.052921
0.054019
-0.787707
0.662028
0.452542
0.923335
0.201428
0.642434
0.453214
0.739913
0.362388
0.128731
-0.315266
-0.819508
-0.986938
-0.879326
-0.714460
0.417079
-0.121712
0.727400
0.082341
0.509492
0.157175
0.210706
0.707258
-0.695843
0.080999
0.565830
0.110053
-0.851920
0.020387
-0.552829
0.027284
-0.268510
-0.793628
-0.743637
-0.029604
-0.627724
-0.872612
-0.798633
0.296588
0.066471
-0.312946
-0.858024
-0.076360
0.534029
-0.976256
0.037560
0.168863
0.161420
-0.479253
0.772935
-0.141854
0.350668
0.317582
-0.059257
0.009943
-0.429599
-0.615147
0.633095
0.110847
0.373319
0.477831
0.163854
-0.855979
-0.459436
0.128731
-0.883111
-0.570527
0.306229
-0.199670
0.286812
0.781633
0.508576
0.490203
0.722442
0.695731
0.136843
-0.605195
0.567216
0.664652
0.030397
-0.651041
0.695233
-0.898675
0.496673
-0.375450
-0.166087
0.745172
0.874262
-0.454201
-0.722439
-0.338089
0.205611
0.179297
0.779622
0.907346
-0.028870
0.978007
-0.470546
-1.115858
-0.749309
-0.903271
-0.277560
-1.100035
0.978058
0.711329
0.183152
0.069336
0.859391
-1.077847
-0.308211
-0.348003
-0.262868
0.169715
-0.622921
-0.753332
-0.883839
-0.190228
-0.787533
-0.360396
-0.656211
-0.302959
0.442681
0.589378
0.272560
0.735309
0.138602
-0.256989
0.056157
-1.026249
-0.493980
-0.291975
-0.314847
1.176605
0.474242
0.144646
0.248733
0.167342
0.155686
-0.844869
-0.138139
-0.791027
-1.058116
-0.893786
0.380928
0.611284
-0.370549
0.466667
-0.281408
0.355423
-0.616124
-0.840308
0.560804
1.059628
0.474429
-0.087286
-0.073125
0.249222
-0.309467
0.632851
-0.466764
0.071354
0.476286
0.992187
-0.111640
-0.039309
0.182140
-0.962339
0.406702
0.007203
0.539462
0.572789
-0.312641
-0.613502
0.100409
0.703595
-0.876579
0.784105
-0.784350
0.156260
0.201550
-0.254898
0.235122
-0.074406
0.805774
-0.987365
0.743026
0.817921
0.838186
0.916621
0.641641
-0.548495
0.468107
-0.124580
0.894647
-0.723433
-0.677165
0.074956
0.742843
0.176769
-0.067814
0.384332
-0.793382
-0.784533
-0.260758
-0.428676
-0.319355
0.103534
1.085390
-0.084748
-0.830711
-0.147775
0.817555
0.066838
0.931253
0.682996
0.708755
0.067293
0.369239
-0.241043
0.473662
0.838445
-0.593941
-1.651896
-0.441423
0.748836
0.638162
-0.066960
0.577074
0.361401
-1.372378
-0.074442
0.669333
0.573216
0.110236
0.123599
0.021565
-0.134046
-0.368184
-0.417533
0.190075
0.059330
-0.722395
0.369651
0.176219
0.539217
0.011170
-0.814930
0.192117
-0.299343
-0.944208
-0.199365
-0.166571
-0.491057
-0.541834
-0.694297
0.237252
-0.726814
0.412949
-0.952374
-0.180587
-0.969980
-0.146226
-0.964124
0.379958
0.035788
-0.370751
0.914152
0.761355
0.533199
-0.871895
-0.691713
-0.601787
-0.097098
-1.462698
-0.953393
0.233747
-0.201410
0.333005
0.360986
0.681504
1.004223
-0.381785
-0.809070
-0.312827
-0.385729
0.541603
0.247770
0.303795
0.362202
0.388391
-0.373343
-0.989895
-0.965778
0.264035
-0.840026
-0.802147
0.535723
1.170637
-0.147241
0.447960
0.433558
0.018346
0.698763
-0.285727
0.701857
0.069362
0.680457
0.684069
-0.210004
0.499893
-0.528822
0.675703
0.425555
-0.213522
0.368600
0.070805
0.861747
0.501618
0.910273
0.600989
-0.924983
-0.874199
-0.782885
-0.777025
0.334066
0.711774
0.156321
-0.040591
-0.470671
0.712934
-0.010926
-0.840017
-0.790087
-0.313191
-0.569920
0.517366
-0.212049
0.929378
-0.004090
0.272294
-0.830007
-0.169261
-0.815907
-0.075078
-0.123360
0.768052
-0.951657
0.760850
0.712385
0.344381
-0.270463
-0.493560
-0.951047
0.788561
0.506989
-0.573399
0.785448
0.327413
-0.068608
0.174571
0.044314
0.344382
-0.395530
0.709760
-0.328939
0.129708
-0.845938
0.601590
0.520691
-1.303107
-1.372971
-0.022096
-0.882866
0.953122
0.480199
-0.673352
0.362165
0.481532
-0.346120
-0.933895
-0.279436
0.672823
-1.010825
0.855603
-0.359806
0.395953
0.804004
0.065617
-0.460588
0.076840
-0.285407
-0.581704
0.476854
0.411707
-0.624123
-0.627368
-0.128995
0.839595
0.673817
0.590888
-0.787524
-0.948849
0.506195
-0.073247
-0.786425
0.991088
0.892572
0.044497
-0.775307
0.061761
-0.770746
-0.358972
-0.369320
0.285744
0.845123
0.614248
0.094213
0.001178
0.127405
-0.945161
-0.942212
-0.991806
-0.609456
-1.043360
-0.347189
0.405514
0.805206
0.714852
-0.108334
-0.047610
-0.247027
-0.085602
-0.054167
0.377952
-0.401723
-0.390049
0.504763
-0.983615
-0.301724
0.033934
-0.536804
-0.163427
0.193172
-0.541427
0.048932
0.064573
-0.615860
-0.277360
-0.316325
0.870796
-0.182579
0.147980
-0.771278
0.337080
-0.227709
-0.417252
-0.847466
-0.468883
0.730459
0.102510
-0.106419
-0.846394
0.667909
0.499923
-0.641920
0.124417
-0.048783
-0.837297
-0.315052
0.207469
-0.056607
-1.048972
0.958815
0.712724
-0.896034
0.172055
-0.718061
-0.903681
0.215223
-0.550998
0.147836
-0.662150
-0.553623
0.470671
-0.809070
-0.877617
-0.364341
0.418177
0.368797
0.829213
-0.106879
0.220167
-0.881279
0.474272
0.182689
0.946713
0.345541
0.001465
-0.298541
0.921321
0.332723
-0.205091
0.590917
0.838064
0.644021
-0.772630
-0.457731
-0.806079
-0.925960
0.055973
0.859916
-0.648904
-0.285967
0.477751
-0.457181
0.539584
-0.809070
0.658793
-0.050357
0.114387
-0.852652
-0.452603
0.604960
-0.624665
0.020692
-0.213880
0.725447
0.289385
0.214809
0.084009
1.095654
-0.851345
-0.476958
-0.995910
0.153452
0.004562
-0.854687
0.623575
-0.484105
-0.189580
0.663126
0.113410
0.808778
-0.262848
-0.041786
0.142570
-0.406228
0.700604
-0.956540
0.353252
-1.035475
-0.188254
-0.119898
-0.545680
-0.306232
-0.498627
-0.191040
-1.325954
0.347779
-0.601695
0.387024
-0.225966
0.736068
0.573033
-0.326314
-0.804126
-0.821339
-0.485503
0.856925
-1.165392
-0.288431
0.645799
0.672471
0.417657
-0.962604
0.043824
0.818504
-0.633587
-0.479524
0.565289
-0.321961
-0.563594
-0.140778
-0.538135
0.279453
-0.559707
0.678071
-0.065291
0.263001
0.619781
-0.154812
0.769500
0.670474
0.245171
0.461793
0.454954
0.567400
-0.324305
-0.202733
-1.140660
0.402824
0.495522
-0.684593
-0.121134
0.277469
-0.001929
0.816954
-0.544445
0.111871
-0.503156
-0.727762
0.034984
-0.294804
-0.895226
0.226245
0.228327
0.972046
-0.408854
0.884823
0.063029
-0.202038
-0.449236
0.715139
-0.730393
-0.161428
-0.487653
1.497773
-0.686661
0.875356
-0.015492
0.149649
0.464868
-0.010406
-0.601055
-0.655797
-0.385168
-0.637292
0.225478
0.796435
-0.168162
0.526521
-0.098212
-0.188732
-0.262772
0.713789
-0.632241
0.114997
0.365440
-0.722273
-0.869072
0.056949
0.051822
0.060673
0.119392
0.490936
0.322102
-0.775255
0.627968
-0.814625
0.910761
-0.553440
-0.012391
-0.933956
-0.716230
0.598425
0.770128
0.852896
0.978087
-0.018983
0.339437
-0.346396
0.068974
0.169749
-0.435757
0.078130
0.080205
-0.463773
-0.497101
-0.566929
0.646768
-0.491851
-0.127022
-0.437160
0.240652
-0.378185
0.119148
0.895929
0.300861
0.488860
0.884575
-0.291584
-0.074319
-0.176344
0.743270
-0.959714
0.043887
-0.075817
-1.259979
0.050050
4.109166
-0.216407
-0.303791
-0.182628
-0.971746
-1.594365
0.977195
-0.703097
-0.769193
0.553623
-0.833303
0.021751
0.352895
0.851834
-0.429068
0.116411
0.323262
-0.201489
-0.438922
-0.537960
-0.739474
0.243009
-0.739353
0.096869
-0.497955
0.257828
0.110786
0.089056
0.850272
-0.444424
0.241348
-0.542842
-0.334420
0.027380
0.000483
-0.184009
-0.615092
0.112211
0.638321
1.008814
1.633413
-0.207632
0.298365
1.085104
1.607977
1.369814
-0.315242
-0.772022
-0.223169
-0.628240
1.064515
0.781008
-1.431654
0.130863
-0.282217
-0.111171
-1.113573
-3.356419
-2.068919
-0.578933
0.637097
0.873370
1.160392
0.161959
0.128579
0.593482
-0.295870
0.801341
0.213330
0.213465
0.489681
-0.133526
0.147128
1.010150
0.058110
-0.482216
-0.532082
0.112693
-0.468147
-0.846142
0.889807
0.468026
0.786456
-0.565551
0.669588
0.365976
0.164041
-0.342153
-0.729312
0.291701
0.391842
0.176642
0.573493
-0.131451
-0.101073
-0.806891
0.751846
-0.130320
0.039676
-0.285235
-0.933712
0.760361
-0.330342
0.255631
-0.308735
-0.603125
0.463957
-0.954160
-0.053836
0.321431
-0.076421
0.065067
0.401575
-0.704084
-0.658548
0.697247
0.116828
0.506440
-0.933101
0.172862
-0.434658
-0.962522
-0.668925
0.342794
0.563572
0.336141
0.107428
-0.654276
-0.484221
-0.275591
0.820240
-0.265702
-0.710737
0.028017
-0.287249
-0.380944
0.029360
0.378380
-0.311359
0.396020
0.229079
0.254044
0.437832
-0.382653
0.365379
-0.177959
-0.341574
0.570347
0.413722
0.648111
-0.798999
-0.870060
-0.674704
-0.190302
0.310064
-0.587255
-0.615943
-0.435940
-0.046052
1.029132
0.762446
-0.299906
0.885556
0.437771
0.855155
-0.984502
0.581594
-0.058695
0.895561
0.708351
-0.522310
0.213392
0.636488
-0.905749
-0.299367
0.568152
0.202325
-0.506073
0.286517
0.306152
0.473525
-0.358075
-0.499697
-0.563997
0.663798
-0.383202
0.282854
0.481536
-0.022096
0.163523
-0.274309
-0.748642
-0.791833
0.105127
-0.414989
-0.946053
0.236313
0.570709
-0.769885
-1.101860
-0.091468
0.491837
-0.219946
-1.159495
-0.020962
-0.988181
0.405283
-0.207038
0.878706
-0.564389
-0.103009
-0.020662
-0.903984
0.613268
-0.794893
0.645463
-0.053615
-1.093099
-0.857498
-0.205264
-0.490176
0.928580
-0.666712
0.530804
0.518815
-0.954453
0.767147
0.903630
0.733929
0.035031
0.087153
0.725647
-0.200204
-0.669412
0.699630
-0.972106
0.062857
-0.588311
-0.260700
0.714855
-0.610593
0.622037
-0.540833
0.077409
-0.439553
0.585376
-0.606612
-0.039110
0.641340
0.862483
0.509135
0.098839
-0.146551
0.742294
-0.135129
-0.317348
0.114772
0.198919
0.365132
0.801136
0.031862
0.711164
-0.443875
0.535799
-0.436367
0.047671
0.489471
0.692608
0.868034
0.877190
-0.425502
-0.685711
-0.421596
0.397302
-0.077641
-0.043765
-0.633523
-0.416651
-0.360557
0.201489
0.772508
-0.056034
-0.189709
0.966368
-0.459012
-0.234267
0.013368
-0.800769
0.772630
0.908503
0.186291
-0.462125
0.204114
0.213209
0.650186
-0.515351
0.930721
0.586950
-0.893060
-0.334981
0.881524
-0.175060
0.422145
-0.269975
-0.637734
0.233901
0.006673
-0.529411
-0.023866
-0.881279
0.596289
-0.326558
0.233129
-0.563165
-0.535389
0.319792
-0.817799
0.988769
0.560886
0.934569
-0.526620
0.181762
0.261818
-0.393423
0.149301
0.712812
-0.207299
-0.522911
-0.660396
0.536526
0.881996
-0.189709
-0.603919
-0.795317
0.372001
-1.053526
0.262500
0.564889
0.819752
0.060795
-0.518424
-0.344344
0.450150
-0.677278
0.569939
0.714216
-0.677959
0.026491
0.386376
0.714460
0.025819
0.649087
-0.225661
0.421307
0.469689
-0.591210
-0.789631
0.581806
0.365894
-0.186160
-0.743006
0.238852
0.084473
0.624996
0.197415
0.271807
-0.388161
-0.913695
0.566096
-0.757685
-0.568639
-0.987864
0.554818
-0.521639
-0.753106
-0.661075
0.948738
-0.100418
0.255438
-0.694586
-0.763601
-0.703882
-0.170100
0.602322
-0.118933
0.798012
-0.863385
-0.773108
-0.591663
0.540612
0.803172
0.877207
0.200885
0.204844
-0.781329
-0.294491
-0.480892
0.424050
0.765329
0.656915
-0.540758
-0.628198
-1.022847
-0.541760
0.341023
-0.532822
-0.361345
-0.248953
-0.453090
-0.556412
0.458454
-0.252223
0.147875
-0.579647
0.466779
-0.106225
0.685418
-0.040344
0.131818
0.856682
-0.845572
-0.446744
0.538241
0.220595
-0.852225
-0.214430
0.585485
0.131600
0.400842
-0.365257
0.514131
-0.985839
0.454129
-0.750046
0.706159
0.235305
0.669291
-0.838796
0.728743
0.621315
0.981688
-0.683330
0.472563
0.294574
0.642495
0.108649
-0.675700
0.404077
-0.723799
0.449551
0.188183
0.313007
-0.432338
0.962034
0.166026
0.806202
-0.110114
-0.655924
0.711591
0.879326
0.186474
-0.026735
-0.931575
0.672771
-0.580236
0.810657
-0.192517
0.114469
-0.097620
-0.331014
0.272355
-0.178966
0.797351
0.865666
0.490458
0.019332
-0.271960
0.608252
-0.829335
0.860404
-0.233010
-0.507529
-0.549788
-0.817112
0.234882
0.390283
-0.713911
0.305447
0.179391
0.518629
0.583489
0.820681
0.919062
-0.087530
-0.607646
0.843705
-0.601350
-1.596846
-0.375576
-0.391259
0.916743
0.830477
-0.907639
0.338600
0.153497
0.825595
-0.099249
-0.793139
-0.873283
0.554538
-0.397058
0.781847
0.314594
-0.617286
-0.364940
0.929914
-0.678362
-0.350753
0.356772
-0.991521
0.364241
-0.129476
-0.456830
0.455838
-0.867113
-0.148089
-0.736452
0.068846
-1.510709
0.001318
-0.589382
-0.911085
-0.724974
1.074109
0.870453
0.795465
0.378238
-1.303761
0.511408
0.904324
1.306745
0.232775
-0.634457
0.297277
0.061167
0.382335
-0.494083
0.316225
-0.390442
-0.466710
-0.244003
0.545859
-0.141807
-0.693639
-0.178977
0.579542
-0.039063
-0.172819
-0.257318
0.077774
0.720817
-0.087716
-0.800231
0.091344
0.803082
-0.397884
1.137907
0.660330
-0.902927
0.286456
-0.935491
-0.907122
-0.386685
1.218329
0.496201
-0.603577
0.253923
0.120340
0.219145
-0.765567
0.486035
-0.229251
-0.344687
0.691387
0.799854
0.042788
0.955625
-0.747848
-0.622780
0.596899
-0.765122
0.186840
0.462675
0.051883
-0.400476
0.314289
0.185680
-0.741928
0.780565
0.595007
-0.794909
0.619178
-0.572362
0.498077
-0.143319
-0.101691
0.939327
0.763474
0.117073
-0.423366
-0.361167
0.120613
-0.302997
-0.176219
0.112495
0.527437
0.575719
0.144540
0.518464
0.490386
-0.711042
-0.235976
-0.317829
-0.970091
-0.715559
-0.186474
0.789233
-0.147348
0.657539
-0.615215
-0.512482
0.292498
-0.437405
0.477995
-0.801001
0.507222
0.581441
-0.223162
-0.448209
0.034487
0.883721
-0.189077
0.448810
-0.274023
-0.233166
0.729062
0.058414
-0.255326
0.691884
-0.037491
-1.022441
0.344920
0.661669
-0.493011
-0.422206
-0.080178
0.395536
-1.114476
-0.160247
0.833710
-0.126412
-0.182262
-0.458866
-1.155561
-0.508010
-0.477480
-0.242178
-0.681865
0.812977
0.342367
0.981261
0.577855
0.665629
0.518464
-0.635598
0.236961
-0.439965
-0.137382
-0.703563
0.690900
-0.150952
-0.956056
-0.523788
-0.087801
0.577530
-0.067107
0.139473
-1.244293
-0.456379
-1.326512
-0.476717
0.548032
-0.003394
0.144459
0.379993
0.798344
-0.418146
0.264150
-0.148188
0.138609
-0.166989
0.503819
-0.702885
0.673133
0.571995
0.096877
-1.073139
0.363506
0.640715
-0.643256
-0.619563
-0.800987
0.738457
-0.844183
-0.741001
-0.177701
-0.244520
0.199379
0.649224
-0.989303
0.533472
0.064063
0.703202
0.665297
-0.076046
0.375930
0.305346
0.417939
-0.009643
0.659539
-1.204053
0.866083
0.294729
-0.035438
-0.418299
-0.033782
0.114668
0.828493
0.530086
0.476647
-0.385821
-0.884367
-0.042888
-0.858085
-0.561985
0.563938
0.865959
0.756089
0.192272
-0.921687
0.292132
-0.333516
-0.399438
-0.686993
-0.428127
-0.214674
-0.360984
-0.795459
0.303119
-0.902521
-0.982421
-0.372887
-0.151926
0.559604
0.735030
0.981139
-0.180431
-0.107001
0.947995
-0.168589
0.413844
-0.165782
0.471464
-0.339559
0.404016
-0.595251
-0.781176
0.795398
-0.393823
-0.237441
0.896722
-0.425319
-0.369224
-0.801318
0.265458
-0.184643
-0.268876
0.840811
0.279741
0.639085
-0.445018
-0.374718
-0.580602
-0.252274
-0.334859
0.087192
0.404231
-0.096807
-0.083469
-0.360496
-0.551669
-0.608680
-0.280089
0.608993
0.630411
-0.635793
0.842739
-0.128487
-0.655313
-0.852508
0.642764
0.232593
-0.843564
-0.565660
0.555149
0.946896
-0.643040
-0.646637
-1.091491
0.509167
0.682764
-0.173411
0.387353
-0.951760
0.217366
0.721515
-0.285197
0.465490
-0.378807
0.049258
0.746933
0.777941
-0.894830
-0.514192
-0.615821
0.184582
0.470572
0.010914
0.546198
-0.922832
0.397964
-0.348120
-0.929269
-0.236982
0.450487
0.557112
-0.224990
0.812576
-0.872449
0.726291
0.230168
-0.552347
-0.090078
-0.133379
-0.567105
-0.711421
-0.135146
-0.544631
-1.000819
0.321020
0.555531
-0.244461
0.753046
-0.344739
-0.956611
-0.705970
0.437719
-0.026691
-0.447775
0.528239
-0.043869
0.428107
0.731924
-1.155620
0.650990
0.534138
0.495232
-0.956880
-0.543082
0.156506
-0.245643
-0.778927
0.334739
-0.704354
-0.428597
0.417409
-1.237942
-0.512714
-0.962971
-0.923830
-0.528483
0.116170
0.099274
0.567205
0.519136
-0.190801
-0.264601
-0.936678
0.275562
-0.432981
-0.515794
0.848051
0.669521
0.483574
0.543490
-0.593908
0.645120
0.157297
0.803455
-0.293414
0.303485
0.100348
0.427089
-0.143563
0.655008
-0.946652
0.314839
-0.356345
-0.132699
0.916682
0.556430
0.429164
-0.031374
0.274614
0.391076
0.515595
0.989257
-0.778978
-0.015809
-0.932308
-0.548923
-0.860038
-0.667155
0.646219
-0.982360
0.007081
0.612952
-0.583898
0.116157
0.772508
-0.720625
-0.904962
0.344626
-0.611549
0.234206
-0.298663
0.477690
0.044253
0.371849
-0.834829
-0.119663
0.167743
-0.182628
0.866630
0.151437
0.772081
-0.834766
-0.980499
0.839219
0.389255
-0.951047
-0.046023
-0.293475
0.167550
-0.788493
0.400850
0.333616
0.773232
0.121712
0.737228
0.806892
0.222026
0.424599
0.176174
0.671250
-0.706647
-0.226820
-0.397206
0.405177
0.183944
-0.992490
-0.329141
0.238052
0.492828
-0.426628
0.543943
-0.813342
-0.587720
-0.710954
0.958982
-0.451138
-0.064701
0.473906
0.263932
0.179027
-0.930782
0.018312
0.642811
-0.444653
-0.537720
-0.442051
0.336884
0.101350
-0.882541
-0.856743
-0.840902
-0.677366
-0.124739
-0.907644
-0.485608
0.448877
0.676157
0.891032
-0.137644
-1.006619
-0.116910
-0.018349
-0.531562
-0.341975
0.384457
-0.010709
0.416756
-0.128747
-0.387557
-0.827257
-0.340828
0.180402
0.257375
0.628654
0.571784
0.285425
-0.213414
-0.954116
0.552104
-0.089687
0.422923
-0.742498
-0.879787
-0.297091
0.187595
0.150752
-0.913267
-0.346289
-0.468543
-0.161559
-0.935073
-0.282024
-0.660574
-0.830265
0.327628
0.295485
0.945959
-0.661828
0.793032
-0.167078
0.773356
-0.385282
-0.723303
-0.859721
-0.087033
0.695053
-0.665333
-0.754140
-0.190334
0.147488
0.939083
-0.315754
-0.217420
0.730757
0.421657
-0.050906
-0.052310
0.063664
0.817189
-0.057132
-0.664408
-0.938717
0.530977
0.106452
0.652323
0.521150
-0.574071
-0.913386
0.251053
-0.498810
0.973021
-0.465483
-0.011658
0.003601
-0.547824
0.751144
0.536410
-0.714277
0.267900
-0.006897
0.715803
0.113899
0.439053
-0.748337
0.409327
0.269853
-0.672282
-0.683880
-0.378807
-0.375145
0.669291
-0.064640
-0.757187
0.091741
-0.035708
-0.110969
0.089796
0.771852
0.298053
-0.217848
-0.238784
-0.412806
0.640389
-0.613472
-0.185731
-0.177989
-0.264543
0.256730
-0.515595
0.462188
-0.470432
-0.352611
0.389902
-0.334930
-0.720137
0.409815
-0.566305
-0.847599
0.552933
0.144685
0.625395
-0.722212
0.000061
0.217174
0.124706
-0.943122
-0.673923
-0.643579
-0.926875
0.576512
-0.131398
0.261327
0.397837
-0.912899
-0.332093
0.098761
0.415675
0.174388
-0.855826
-0.625771
0.631508
-0.081060
-0.824879
0.189769
-0.388813
-0.869301
-1.025921
-0.986120
-0.302918
-0.775640
-0.728700
0.124934
-0.830437
0.972410
-0.629476
-0.667854
0.141763
0.781505
-0.720898
-0.044784
-0.257168
0.021637
0.341985
0.360580
0.895563
0.223731
0.194800
-0.335612
0.037923
-0.097853
-0.040438
-0.218329
-0.502463
-0.308570
-0.241189
0.380411
-0.179782
0.384949
0.459862
-0.990353
-0.021532
0.866122
0.680832
-0.454443
0.159537
0.256433
0.905778
0.324924
0.399261
0.592969
0.121287
0.237989
-0.993291
0.893320
-0.755569
0.060803
-0.039507
-0.491617
0.729982
-0.938934
0.156363
-0.593174
-0.208977
-0.787894
-0.604191
0.311329
0.087916
0.450639
-0.509658
0.903268
-0.142562
0.436977
0.771104
-0.943417
0.475859
-0.028322
-0.519502
0.194409
-0.357016
-0.407557
0.661845
0.289141
-0.865531
-0.283648
0.717268
0.173961
-0.668986
-0.437954
-0.090704
0.304218
0.137032
0.604651
-0.752060
0.346518
-0.536349
-0.623146
-0.665629
0.896966
-0.675151
-0.567784
-0.275468
-0.359946
0.608680
-0.720991
0.374657
-0.737106
0.587621
0.100775
-0.268693
-0.566014
0.229384
0.073552
-0.971068
0.162547
-0.629250
-0.906000
-0.644021
0.844404
0.810276
0.729781
-0.946286
0.334981
-0.566441
-0.758411
-0.052399
0.304570
-1.393677
0.232680
0.407618
-0.838003
0.886205
-0.244137
0.486027
-0.854200
-0.447011
-0.315083
0.946896
-0.498313
-0.734704
-0.275453
0.587175
0.186633
0.527376
0.658182
-0.625079
-1.677026
0.717578
-0.125067
0.353568
-0.792041
-0.873405
-0.207784
-0.625469
0.075596
0.270606
-0.821314
0.397180
0.172008
0.730757
-0.342001
-0.692730
-0.657877
0.460111
-0.073918
0.435510
-0.449857
0.631028
-0.429385
0.148104
0.370990
-1.108647
-1.074146
-0.680649
0.092665
-0.365115
0.232152
-0.516772
-0.436357
1.098131
-0.586132
-0.344867
-1.028961
-1.130216
0.806964
0.919374
0.115940
-0.274403
-0.366306
-0.903338
0.357232
0.153117
-0.702731
0.471686
0.194900
0.178212
0.916389
-0.389123
0.860668
-0.378438
-0.127494
0.448823
-0.426240
-0.889519
0.838507
-0.078944
0.636610
0.137856
-0.160408
0.271964
-0.159671
-0.433183
0.982909
0.664034
0.307731
0.082423
0.386982
-0.736994
0.438837
0.698682
-0.518562
-0.254342
-0.417437
-0.910313
0.109038
0.516821
-0.830727
0.479113
0.068434
0.211733
0.058501
-0.828072
0.474176
-0.925594
0.426235
0.434231
-0.823659
0.783495
-0.934200
0.094183
0.822926
-0.125679
-0.028688
0.034914
-0.544772
-0.663615
-0.660441
-0.829824
0.817311
-0.517732
0.601355
-0.896173
-0.589330
-0.134163
0.915888
-0.106208
-0.546176
-0.342367
0.295794
-0.071110
-0.500397
-0.960203
-0.327413
0.982238
-0.473234
-0.817433
-0.783922
0.502106
0.316059
-0.634194
-0.779283
0.204419
-0.075993
0.807361
0.869987
-0.972349
-0.932796
-0.239394
-0.807178
-0.479905
0.240459
-0.554904
-0.475493
-0.319966
0.300861
-0.574689
0.333347
0.454655
-0.440731
-0.381798
-0.128609
-0.388818
0.950087
-0.569772
0.345932
1.572272
-0.264327
0.152658
0.940365
-0.730287
-2.760675
-0.404827
-1.134222
-0.927672
0.492340
0.123665
0.305196
-1.317651
1.237858
-1.172953
-0.119995
-0.383324
-0.770311
0.059304
0.837589
0.288419
-0.375604
-0.127205
0.994690
-0.060123
0.780687
0.345236
-0.957761
0.824269
0.720930
-0.283281
0.051942
0.636572
-0.822275
-0.930468
-0.780019
1.560240
1.007353
1.022864
-0.246974
0.713074
0.302703
1.034899
1.086639
-0.724303
-0.054458
-1.003810
-0.993295
0.605521
0.163135
-0.087393
0.665246
-0.256115
-0.198159
-0.169586
0.465168
0.656844
-0.583219
-0.440572
-0.758535
-0.840452
0.604096
0.092381
1.085825
-0.059191
-0.116773
0.928173
-0.130123
-0.435040
-0.193078
-0.512879
-0.473541
-0.808537
-1.277791
0.135986
0.161345
-0.360798
-0.090299
-0.131143
0.612824
-0.473355
0.121461
0.369430
0.925802
0.508557
1.229177
-0.192207
-0.069562
1.351730
-0.284459
0.076026
-0.965154
-0.004071
-0.596479
-0.173000
1.041510
0.215740
0.143728
-0.608461
-0.953000
0.174144
0.430935
-0.246658
-0.512849
0.243606
-0.084051
0.627968
-0.356406
-0.874809
0.143991
0.547580
0.405359
0.281878
-0.663065
0.015382
-0.243728
0.282305
-0.773241
0.520051
0.176769
-0.153452
0.170115
0.442166
-0.825856
-0.495697
0.422450
0.480559
-0.745285
0.929256
0.386071
0.160044
0.649637
0.011109
-0.357871
-0.015748
-0.893426
0.729659
-0.419154
0.795215
0.062016
-0.109382
-0.558078
0.902155
-0.497467
-0.211378
0.579119
0.546750
0.832326
0.857352
0.749435
0.240920
0.113216
-0.313080
-0.257825
-0.292378
0.586339
0.259354
0.839651
0.196312
-0.802475
0.416047
1.117833
0.929510
0.069706
0.336996
-0.473656
-1.182284
0.595651
-0.159424
-0.362728
-0.933040
0.311298
0.907231
-0.335047
-0.554552
0.948228
0.820814
0.661112
0.451138
0.043560
0.493923
0.569502
0.300778
-0.266128
0.000732
-0.444851
-0.193737
-0.663737
-0.182995
0.399438
-0.133187
0.956846
0.371927
-0.120075
-0.384498
-0.628046
0.701905
-0.049965
1.183847
0.695786
-0.269235
-0.679722
-0.795713
-0.087474
1.393082
1.087337
0.379625
-0.153732
-1.205746
0.062224
-0.435709
-0.334574
-0.562460
-0.177858
0.337911
-0.980861
-0.777332
-0.835724
0.381977
-0.351367
-0.797425
-0.012768
-0.970065
-0.625533
-0.517399
-0.671150
0.595028
-0.234476
-0.488081
0.046213
-0.548302
0.954824
0.235095
-0.740437
0.630378
-0.838702
-1.131892
0.447215
-0.652261
-0.771603
-0.091602
0.853760
0.077380
-0.476942
-0.612527
-0.331994
-0.902641
0.539128
0.091174
0.502738
-0.342165
-0.967534
0.166505
-0.812474
0.419690
0.100031
0.500737
-0.242728
-0.356144
0.835014
0.885613
0.665446
0.099676
0.830007
0.476347
0.215895
-0.610206
0.404199
-0.389062
0.665934
0.200696
0.320881
0.316853
0.668681
-0.633523
0.695477
-0.606726
-0.610633
-0.298724
-0.842764
0.738387
-0.224013
-0.563633
0.786669
0.788012
0.490142
-0.322102
-0.007325
0.131905
-0.689556
-0.554050
-0.354270
-0.632912
-0.178295
0.858573
-0.224257
0.252823
0.201001
0.022340
-0.850577
0.227675
-0.086004
0.193188
0.039553
-0.646158
-0.865470
0.770016
-0.500071
-0.251114
0.699139
0.674052
-0.559910
0.555281
-1.216529
-0.430773
0.773067
0.600562
0.488555
0.405786
0.621980
-0.886752
0.563397
0.484839
-0.633079
0.000183
-0.800586
1.070005
0.567037
-1.330700
-0.699083
-0.203911
-0.875481
-0.778490
-0.177987
0.968297
0.550331
0.772779
-0.759589
-0.400293
0.779711
0.352480
-0.557917
-0.025642
0.252743
0.455387
-0.142892
0.563999
0.103583
0.300311
0.876152
-0.186352
-0.483428
0.328816
0.928009
0.453017
0.981242
0.118010
-0.474491
0.737246
-0.668290
0.454205
0.616269
-0.597147
0.148678
-1.005128
-1.266247
-0.251492
-0.552596
0.139883
0.437291
1.118570
0.018673
-0.273847
-1.004747
-0.509156
0.969818
0.824461
-0.623982
-0.650280
-0.235202
0.623072
-0.249391
-0.541397
-0.158667
-0.563806
0.362672
-1.073190
-0.168827
-0.977824
0.258654
-0.692422
-0.206269
-0.113771
-0.363721
0.359071
-0.438850
-0.661561
-0.248471
0.029055
0.468936
-0.284446
-0.665360
-0.322364
0.861298
0.309440
0.035175
-0.210518
-0.119525
-0.126586
0.619154
0.624255
-0.414465
0.598260
0.637944
0.292942
0.664005
-0.218902
0.825185
-0.428036
0.670928
-0.933572
0.872612
-0.655619
-0.971861
-0.509797
0.129402
-0.560154
0.913630
0.010255
-0.033327
-0.041567
0.598364
-0.761460
-0.577855
0.206128
-0.092535
-0.529268
-0.702741
-0.287127
-0.552463
0.298297
-0.415370
-0.798633
-0.050113
-0.170848
0.054752
0.075810
0.054691
0.584814
0.816151
-0.007935
-0.150339
0.135140
0.660074
-0.926936
0.474760
-0.465849
0.003479
0.331136
-0.894586
-0.380700
0.241592
0.858878
-0.371666
0.236098
0.323201
-0.646402
0.319139
0.450034
0.361472
0.535555
0.840872
0.816639
-0.919510
-0.028387
-0.369576
-0.195475
0.992370
0.224562
-0.369224
-0.963545
0.000847
0.314083
0.763810
0.825439
0.743698
0.386315
-0.226319
0.030245
0.434814
0.710549
-0.009185
-0.278704
-0.661539
0.377756
-0.706262
0.727547
-0.927643
-0.702429
-0.372276
0.935482
0.312786
0.392009
0.025363
-0.871739
0.619911
0.304462
0.785998
0.448270
0.128121
0.126045
0.905512
-0.409693
-0.561802
0.257848
-0.634087
-0.101349
-0.870205
-0.225389
-0.225798
-0.629622
0.735306
0.590738
0.425100
0.519851
-0.760697
0.852003
-0.902945
-0.563809
-0.332485
0.128092
-0.013919
0.876467
-0.288702
-0.053465
-0.940901
0.370144
-0.609529
0.829511
0.760911
0.293719
-1.034055
-0.407502
0.732650
-0.235487
-1.085257
0.274593
0.025091
0.704659
0.861150
0.506627
-0.605161
-0.860002
-0.093914
-0.524075
-0.490144
0.368143
-0.846035
-0.040008
-0.274979
-0.858325
-0.962516
-0.051701
0.053720
0.673094
0.341796
-0.897914
-0.798845
0.842299
0.566378
-0.118834
0.326242
-0.254279
0.212894
-0.556215
-0.115158
0.682805
0.081907
0.824328
-0.161754
0.544487
0.106745
0.822133
0.578588
0.295550
-0.874321
0.870414
-0.605017
0.153635
-0.945309
-0.704206
-0.687542
-0.677104
-0.730208
0.017091
-0.556247
0.860892
0.412073
0.670573
-0.799426
0.567845
-0.028505
-0.889275
-0.956601
-0.010316
-0.469145
0.930721
0.171763
0.595129
0.481597
-0.437527
0.468840
-0.807605
0.024721
-0.475066
-0.987487
-0.353537
0.270219
0.376244
0.465605
0.958799
0.245559
-0.063297
-0.343710
0.773607
-0.372154
0.344381
-0.335592
0.376488
0.017763
-0.496307
-0.277849
0.220595
0.517305
-0.525641
0.298780
-0.347758
-0.694041
0.489044
-0.695904
-0.942990
-0.390645
-0.325931
-0.446368
0.895072
0.894558
0.400781
0.010010
-0.032152
-0.330152
-1.224204
-0.266504
0.185763
0.973814
-0.436977
0.134669
-0.237349
0.358936
-1.018744
-0.731642
0.457425
-0.183300
-0.135123
1.073285
0.131071
-0.096583
-0.461784
0.387841
-0.252213
0.194958
-0.814625
0.479277
-0.980468
-0.520356
0.816212
0.699602
-0.420067
-0.221410
-0.298983
0.229618
-0.374669
0.767182
-0.114415
0.868616
-0.362353
0.562328
0.536304
-0.449736
-0.123484
-0.235465
0.571590
-1.065852
0.476634
-0.512259
0.900428
0.149059
0.280314
-0.586006
-1.116384
0.366564
0.408339
-0.239648
0.666274
0.346096
0.650746
-0.332572
-0.325420
0.492304
0.580119
-0.151156
-0.122623
0.547130
-0.576031
-1.100309
-0.443783
-0.110035
-0.942619
-0.718109
0.465148
-0.479484
0.383118
-0.212652
0.206575
-1.018327
0.257000
0.066674
-0.125607
0.089235
-0.497810
-0.995073
-0.382313
-0.534881
-0.974509
-0.389924
0.446029
-0.340553
-0.177711
0.141895
-0.500406
0.830137
0.331162
-0.425113
-0.227557
0.540072
0.215040
-0.263444
0.586095
-0.365928
-0.815846
-0.999206
-0.499420
-0.899469
-0.841787
0.946652
-0.905207
0.918025
-0.777941
0.257523
0.502411
-0.868400
-0.099005
0.374535
-0.649515
0.009156
-0.056156
-0.604468
-0.688824
-0.362632
0.782518
0.948117
0.733993
0.273271
0.729232
-0.154001
0.923701
-0.239150
-0.024965
-0.654703
-0.375023
-0.672099
0.451383
-0.190747
0.276933
0.073125
-0.382775
-0.403955
0.598425
-0.542636
0.234939
-0.021119
-0.937678
0.112189
-0.803638
0.933651
0.868583
0.288245
-0.851805
-0.346398
-0.509538
0.172191
0.181713
-0.104132
-0.033197
-0.157812
-1.257226
0.307539
-0.765719
-0.657511
-0.093451
0.711240
0.810659
0.812603
-0.028625
-0.566745
0.705304
-0.203321
0.713965
-0.328621
-0.309584
-0.129251
0.715749
-0.228896
0.167369
-0.675072
-0.247954
0.243469
-0.524235
-0.528860
0.998352
-0.821461
-0.814503
0.156504
-0.638772
-0.884026
-0.420558
0.500885
-0.823410
-0.492370
-0.778341
-0.075829
0.464021
0.448922
-0.098795
0.243958
0.611128
0.350630
-0.682176
-1.159165
0.548578
-0.701084
0.189359
-0.161108
-0.339105
0.752856
0.848717
0.201188
-0.777085
-0.756938
0.184147
-0.891722
-0.194432
0.520509
-0.191498
0.294102
-0.914067
0.583442
-0.492989
0.782950
-0.318765
-0.834683
0.207608
-0.394160
-0.261125
-0.153963
-0.861982
-0.693930
0.593090
0.623253
-0.441824
0.160882
0.617547
0.891488
0.619075
0.319231
0.594988
-0.806169
0.627526
-0.381383
0.257058
0.907589
-0.007097
0.036798
0.184651
0.913630
-0.841706
0.397763
-0.539558
0.651054
-0.014173
-0.675484
-0.652264
0.409035
0.837596
0.484124
0.883965
-0.443753
0.304218
0.979064
-0.442532
0.938351
-0.327290
-0.837820
-0.354575
0.249771
0.547275
-0.493621
-0.474150
0.420070
0.949277
0.518525
0.964353
-0.705854
0.919246
0.351462
-0.321553
0.188366
0.098883
0.307575
0.078923
-0.080877
0.895624
-0.404566
0.247635
0.116462
-0.208997
-0.346213
0.217543
0.635659
0.357261
-0.646707
-0.384667
0.878472
0.542086
-0.609107
-0.269609
-0.162302
-0.213819
-0.812733
0.071232
0.676311
0.536299
0.602415
0.473234
0.654154
-0.289752
-0.228530
0.814422
0.052303
0.421808
-0.849055
-0.560703
0.049808
-0.601111
0.767825
0.162093
0.100810
0.649508
-0.004639
-0.356955
0.177257
0.780317
-0.716038
-0.567301
-0.570282
0.043116
-0.066288
0.252213
-0.064131
-0.109973
-0.534115
0.409468
-0.579462
-0.102423
-0.311359
-0.031882
-0.975189
0.259968
0.291275
0.312835
-0.756333
0.132821
0.418116
-0.327657
-0.324116
-0.923946
-0.486724
0.678020
-0.448206
-0.836761
0.010902
0.238616
-0.699841
0.811038
-0.377309
-0.325552
0.653906
0.769296
-0.648954
-0.163420
-1.062526
-0.223674
0.691564
0.311680
-0.953504
0.091645
-1.000064
0.239560
0.689849
-0.804390
0.055639
-0.890917
0.889358
0.504698
-0.250969
0.120233
-0.759793
-0.843347
0.621189
-0.643818
0.047026
-0.209563
-0.262816
0.597017
-0.769562
-0.928135
0.545842
-0.204801
-0.561892
0.232393
-0.132532
0.667369
-0.454242
-0.996214
0.396323
-0.331462
-0.655517
-0.893840
-0.535815
-0.633913
-0.599216
-0.391429
0.367428
0.483079
-0.733175
0.568973
-0.631311
-0.399806
-0.873818
0.484109
-0.565228
0.423012
-0.544277
-0.839947
0.778835
0.281566
-0.758530
0.554721
0.340353
-0.958494
0.062809
0.724898
-0.740402
-0.002075
0.039126
0.294757
-0.052127
0.055790
0.548740
-0.435696
-0.798511
0.736739
0.293536
-0.372215
-0.862846
0.492950
0.511384
-0.012574
0.600684
-0.270830
0.160837
0.248978
0.330526
0.562840
0.891351
0.461637
0.187817
0.384240
0.610267
-0.334798
-0.235305
-0.718794
-0.538607
-0.792834
0.684551
0.389062
-0.975035
0.390710
-0.094488
-0.772142
0.553501
-0.981871
0.343768
-0.903504
-0.945614
0.391687
0.111457
0.553745
-0.964569
-0.555952
0.630422
0.113364
0.715132
0.782457
-0.452237
0.231872
0.415271
-0.352460
0.774408
-0.655979
0.742660
0.770128
0.340010
0.844615
-0.558622
-0.269709
-0.954099
-0.159495
-0.806873
-0.154924
-0.431342
-1.030555
-0.002478
-0.197823
0.315449
0.451016
0.296154
-0.654308
0.192731
-0.935877
0.617563
-0.153940
0.307575
-0.677410
-0.449612
0.632790
0.334127
0.650003
-0.351706
-0.833167
0.758604
0.764326
-0.999927
-0.021117
0.137518
-0.600419
0.707604
0.518140
0.681195
-0.504754
-0.831766
-1.127024
0.653023
-0.379941
0.535406
-0.992664
0.121892
0.101744
0.516404
-0.699074
0.647466
0.663071
-0.006766
-0.381460
-0.525615
-0.995051
-0.705008
-0.001135
0.360756
-0.848982
0.525986
0.940465
0.004672
-0.219151
-0.889148
-0.628257
-0.334439
0.448283
0.177479
-0.343861
-0.216902
0.230577
-0.055187
0.072307
-0.903785
0.006321
-0.419642
0.704453
0.428995
0.796310
0.008691
-0.902883
-0.538279
0.166460
-0.936380
-0.474087
0.067769
-0.910732
-0.823830
-0.811290
0.094361
-0.471214
0.530684
-0.840384
-0.118791
0.573781
0.510125
0.679729
0.191296
0.717085
-0.367210
-0.617958
-0.282427
-0.258439
0.237197
-0.929805
0.543612
0.408106
0.354880
-0.286700
-0.416407
0.509797
-0.002014
0.099860
0.995849
0.999023
-0.971068
-0.516694
-0.502350
-0.709699
-0.498138
-0.191662
-0.064091
-0.197888
0.288226
-0.917720
-0.577916
0.797900
0.801074
-0.546298
-0.652139
-0.407862
-0.370994
0.559971
-0.409022
-0.818592
0.893060
-0.292804
0.225783
0.363670
0.138009
-0.554721
-0.950681
0.400025
0.556384
0.098761
0.237624
0.339010
-0.531649
-0.194631
-0.155157
-0.094401
-0.132724
-0.287798
-0.360374
0.226088
-0.964300
0.759867
-0.255976
-1.587183
-0.286616
-0.869316
-0.559788
0.691450
0.434143
-0.887838
-0.384444
-0.883969
0.923030
-0.368003
-0.175989
-1.484922
0.940916
0.921185
0.221003
-0.864127
0.646829
-0.357871
0.368934
0.392746
-0.654489
-0.042581
-0.569249
-0.005799
0.193249
0.388512
-0.954343
-0.515351
-0.483001
0.629189
1.025663
0.510777
-0.928592
0.886175
-0.725308
-0.283694
-0.164203
-0.178188
-0.850227
-0.843545
-0.947291
0.002534
-0.330669
1.651548
0.534414
-0.146331
0.166776
0.531146
-1.084279
0.759491
0.364416
0.320972
-0.607440
0.206329
0.612791
0.269571
0.348817
-0.774179
0.801497
0.619705
-0.714749
0.760183
0.641397
-0.082188
0.363335
-0.402280
0.117669
-0.263821
-0.715805
-0.785125
-0.014684
-0.742246
-0.619498
0.944265
0.241785
-0.331452
0.739307
-0.063445
0.798594
0.346031
0.167181
0.084619
0.375359
-0.397224
0.052954
-0.970020
-1.091222
-0.248018
-0.530562
-1.079142
-0.752795
0.294710
-1.029703
-0.753179
-0.704955
0.306166
-0.003721
0.683142
0.567540
0.976988
0.969114
0.181957
-0.576756
0.714704
-0.171275
0.419215
-0.842703
-0.508637
-0.387597
0.574437
0.630043
-0.112617
0.095587
-0.228530
0.119148
-0.879143
0.468412
0.905390
0.542086
0.632119
0.833425
-0.599585
-0.568394
-0.594519
0.487395
-0.387231
-0.021791
0.093756
-0.197827
0.440090
0.450955
0.003601
-0.485503
0.700421
0.310200
0.008606
0.238967
-0.156198
0.324300
-0.550327
0.016236
0.557834
-0.998108
0.086675
0.707146
0.826731
0.654459
-0.837453
-0.943173
0.030947
-0.592203
0.640815
-0.534178
0.629667
0.413416
0.702680
0.525362
-0.191466
0.554971
0.473545
-1.151705
-0.830387
-0.893548
0.280046
-0.318832
0.670893
0.596247
-0.155638
-0.222886
-0.206983
0.186901
0.517624
-0.918074
-0.150177
-0.819812
-0.248264
-0.595739
0.177135
0.726233
-0.654991
0.606819
-0.125455
-0.043596
-0.318379
0.120369
-0.704999
-0.706830
0.746933
0.997619
0.542147
-0.376549
0.329975
-0.786310
-0.808377
0.075017
-0.734307
-0.914200
0.837600
0.178461
-0.923199
-0.361014
0.640270
-0.303555
0.050120
0.697723
-0.010792
-0.585673
-0.712593
-0.820571
-1.158467
-0.866942
-0.616050
0.113295
0.645804
0.001435
0.619911
1.119766
0.113476
-0.486539
0.013947
0.757224
-0.425175
-0.059355
-0.086247
-0.658227
0.840084
-0.218272
-1.121729
-1.023864
-1.080063
0.690774
-0.598095
-0.430828
-1.056559
0.700326
-0.307977
0.643752
0.570807
0.493393
0.462687
-0.625158
0.141116
-0.196843
-0.100594
0.858297
-0.336100
-0.914797
0.361643
-0.965627
0.585962
0.421414
-0.670770
-0.037206
-0.371483
0.905195
0.752579
0.061579
-0.032462
-0.949259
-0.473234
-0.545199
-0.525362
-0.173656
-0.931881
0.861198
0.699506
-0.784594
-0.473112
0.157847
-0.861625
-0.131417
0.786242
-0.663248
0.891168
0.261613
0.095648
-0.380883
0.384911
-0.160227
-0.063541
0.108893
-0.335714
-0.599829
0.125496
-0.268510
-0.175182
-0.959897
-0.780443
-0.729598
0.153940
0.984496
-0.716413
-0.686382
-0.458890
-0.395776
-0.916255
0.922786
-0.279253
-0.060123
-0.230239
0.837087
0.908808
-0.960203
0.107184
0.026308
-0.603550
-0.571625
-0.676311
-0.597937
-0.334798
-0.983031
0.628420
-0.690822
0.075224
0.667790
-0.516328
-0.034914
0.231032
0.408396
-0.572039
-0.341507
1.070297
-0.429067
-0.906611
0.814442
-0.731280
0.309307
0.695952
-0.639321
-0.183654
0.212049
-0.939266
-0.725525
0.435110
0.789503
0.086364
0.937640
0.255570
0.430446
0.366171
-0.356119
0.655050
0.523969
0.690870
0.910578
-0.883477
0.284075
-0.685894
-0.042422
-0.167063
0.769395
-0.665873
-0.719622
-0.222988
-0.764666
-0.035530
-0.944878
-0.559470
0.497227
-0.643905
-0.010555
0.499027
-0.191904
0.185192
-0.978285
-0.902145
-0.331196
0.477133
-0.553655
-0.326032
-1.058225
0.386401
-0.553135
0.474383
0.206581
-0.422094
-0.127646
0.515561
-0.008386
-0.410783
-0.109258
0.299222
-0.685052
0.858108
0.849341
-0.326300
-0.911534
-0.511367
0.508121
0.014612
-1.048834
-1.012640
0.424909
-0.782183
-0.602071
0.803706
-0.510393
-0.411939
0.115552
-1.116361
-0.799974
-0.182847
-0.528115
-0.866134
0.289476
-0.560948
-0.955001
0.502529
0.370866
0.594934
0.976963
-0.869671
-0.779523
0.287196
-0.947869
0.511375
0.917248
-0.148446
0.836100
-0.629474
0.535982
-0.577306
0.939144
-0.734603
0.444302
-0.918635
-0.293414
0.048343
-0.109992
0.208509
-0.610328
-0.564854
-0.465421
0.519868
0.740157
0.472441
-0.666850
-0.134286
0.059269
-0.301898
0.344564
0.051578
-0.013306
0.026918
0.325703
-0.697003
0.354636
-0.564304
-0.074956
0.937740
0.421657
-0.487151
-0.715193
0.807361
0.797900
0.932979
-0.133370
-0.929012
0.373802
-0.080083
-0.688091
0.864005
0.565769
0.761155
0.150522
-0.578038
0.193807
0.441938
0.168650
0.227126
-0.721419
0.410914
-0.763958
-0.310218
-0.970792
-0.747388
0.503449
-0.760056
-0.960569
0.153238
0.263293
-0.190753
0.978401
0.314837
0.328511
0.405420
0.730802
-0.215273
0.551391
-0.081074
-0.491771
0.596106
-0.253983
0.149623
0.781903
-0.054224
0.343807
0.042521
-0.157908
-0.393762
-0.083615
0.050188
0.381547
-0.290887
-0.791301
0.429775
0.788378
-0.623695
0.327290
-0.788867
0.703839
0.729232
-0.666361
-0.412786
0.671898
0.262241
0.062035
-0.953590
0.403542
0.878601
0.725361
0.503125
-0.357973
0.530280
0.073573
-0.681744
-1.151439
-0.101946
0.564995
-0.441721
0.115255
0.747835
0.484695
0.076578
-0.264881
-0.530046
-0.072398
0.253749
-0.619474
0.727565
-0.785484
-1.167253
0.205470
0.160211
-0.972644
0.316356
0.560953
0.886615
0.537860
0.846927
0.874665
-0.762126
-0.020398
0.696523
0.349426
0.534560
0.689275
-0.730650
-0.638238
-0.499499
0.292111
-0.470813
0.024334
-0.506232
-0.269633
-0.614704
-0.500830
-0.488859
-0.124498
0.502407
-0.099888
-0.137682
0.451868
-0.500906
0.875062
-0.416617
-0.914935
-0.846045
0.598145
0.924413
-0.232468
0.001282
-0.663920
0.082402
0.750534
-0.451932
-0.817982
-0.098089
0.770433
0.400415
-0.153940
0.375816
-0.435512
0.531160
0.434047
0.113044
0.525240
-0.895807
0.431545
0.724287
-0.381127
0.826589
0.898675
0.487273
0.637734
-0.555820
0.230666
0.314839
-0.452237
-0.053897
-0.201856
0.084356
-0.251175
0.036440
-0.221754
0.394433
-0.944394
0.440090
0.489837
-0.191052
0.214857
0.601660
-0.454984
0.652567
-0.230605
