0.489081
-0.332121
-0.509740
-0.479155
-0.958952
-0.652952
-0.045358
0.418738
0.551601
0.173419
0.348011
0.310262
-0.939757
-1.081622
-0.225875
0.373047
-1.053200
0.154405
0.396081
0.802141
-0.492062
-0.423208
-0.799106
0.183474
-0.612154
0.206260
0.816011
0.061328
-0.211907
-0.335999
0.426638
-0.095871
-0.766841
-0.362405
-1.022551
0.536537
-0.884499
-0.654900
0.167991
-1.054470
0.194138
-0.652629
1.136911
0.341749
-0.819096
0.900612
-0.690887
-0.449076
0.980724
0.904500
-0.127329
0.554469
0.028938
0.245078
0.986586
-0.362146
-0.649045
-0.904989
-0.176930
0.524399
0.657023
0.298845
0.364390
0.498556
0.230561
-0.726077
-0.503515
-0.929127
0.308884
-0.986438
0.104247
-0.464407
0.192151
-0.220884
0.564866
0.759142
0.164923
-0.854898
0.307292
-0.518828
0.667855
0.430914
-0.449773
0.160094
-0.961395
-0.988143
0.108771
-0.121744
0.280575
0.170209
0.291820
-0.581334
1.192140
-0.740407
-0.511898
0.006303
-1.040265
-0.268928
-0.216729
1.465538
0.042105
-0.795379
0.490127
-0.309526
0.210311
0.359396
-0.210728
0.697668
-0.788293
-0.259635
-0.976758
0.118102
-0.017232
0.792372
0.792701
-0.512932
-0.088186
-0.112833
0.211974
-0.032791
